 1     369   indication    a  0.5  b 99.5 L  0.0 e  0.0
 3     180      confirm    a  0.0  b 99.4 L  0.6 e  0.0
 1     169          dcd    a  0.6  b 99.4 L  0.0 e  0.0
 1     119      claimed    a  0.8  b 99.2 L  0.0 e  0.0
 2     748          ppc    a  0.3  b 99.1 L  0.0 e  0.7
 3     252        ifreg    a  0.4  b 98.8 L  0.0 e  0.8
 2      82           rf    a  0.0  b 98.8 L  0.0 e  1.2
 2      79        16bit    a  0.0  b 98.7 L  0.0 e  1.3
 1      75    advertise    a  0.0  b 98.7 L  0.0 e  1.3
 2      73          cs8    a  0.0  b 98.6 L  0.0 e  1.4
 1     140     sab82532    a  1.4  b 98.6 L  0.0 e  0.0
 2      65      cwwidth    a  0.0  b 98.5 L  0.0 e  1.5
 1      64          bsy    a  1.6  b 98.4 L  0.0 e  0.0
 2     175   inprogress    a  1.1  b 98.3 L  0.0 e  0.6
 1      45       txx927    a  2.2  b 97.8 L  0.0 e  0.0
 3     172        clone    a  0.0  b 97.7 L  0.0 e  2.3
 2      42         door    a  2.4  b 97.6 L  0.0 e  0.0
 2      42          ast    a  0.0  b 97.6 L  0.0 e  2.4
 1      42      suggest    a  2.4  b 97.6 L  0.0 e  0.0
 1      42         bvd1    a  2.4  b 97.6 L  0.0 e  0.0
 1      41        dstat    a  0.0  b 97.6 L  0.0 e  2.4
 2      76         cvar    a  0.0  b 97.4 L  0.0 e  2.6
 1      76          db9    a  2.6  b 97.4 L  0.0 e  0.0
 1      39         tint    a  0.0  b 97.4 L  0.0 e  2.6
 2      37        mtime    a  0.0  b 97.3 L  2.7 e  0.0
 1      73          csc    a  0.0  b 97.3 L  0.0 e  2.7
 1      37          sr0    a  0.0  b 97.3 L  0.0 e  2.7
 1      37          pwr    a  0.0  b 97.3 L  0.0 e  2.7
 1     110        cbaud    a  0.0  b 97.3 L  2.7 e  0.0
 4      71     nonblock    a  0.0  b 97.2 L  0.0 e  2.8
 3     178     cwheight    a  2.2  b 97.2 L  0.0 e  0.6
 2      33    getstatus    a  3.0  b 97.0 L  0.0 e  0.0
 2      32          mst    a  0.0  b 96.9 L  0.0 e  3.1
 1      32        exval    a  0.0  b 96.9 L  0.0 e  3.1
 1      31   autodetect    a  0.0  b 96.8 L  0.0 e  3.2
 2     245          cts    a  0.0  b 96.7 L  0.0 e  3.3
 1      91          drq    a  2.2  b 96.7 L  0.0 e  1.1
 3      58          cwy    a  3.4  b 96.6 L  0.0 e  0.0
 1      29          pcf    a  0.0  b 96.6 L  0.0 e  3.4
 1      29          mdm    a  0.0  b 96.6 L  0.0 e  3.4
 1      86   ioresource    a  0.0  b 96.5 L  0.0 e  3.5
 1      28       rxstat    a  0.0  b 96.4 L  0.0 e  3.6
 1      28          psw    a  0.0  b 96.4 L  0.0 e  3.6
 1      28          lnk    a  0.0  b 96.4 L  0.0 e  3.6
 2     301        cflag    a  0.7  b 96.3 L  3.0 e  0.0
 1     403          gfp    a  0.7  b 96.3 L  0.0 e  3.0
 1      27        iflnk    a  3.7  b 96.3 L  0.0 e  0.0
 1      27       10full    a  0.0  b 96.3 L  0.0 e  3.7
 2      52          chg    a  0.0  b 96.2 L  0.0 e  3.8
 1      52        netif    a  0.0  b 96.2 L  3.8 e  0.0
 1      77          ena    a  3.9  b 96.1 L  0.0 e  0.0
 1     181       assert    a  0.0  b 96.1 L  0.0 e  3.9
 3     193        fmode    a  1.0  b 95.9 L  0.0 e  3.1
 1      48      100full    a  0.0  b 95.8 L  0.0 e  4.2
 6     184        creat    a  3.3  b 95.7 L  0.0 e  1.1
 3      93        ifdir    a  1.1  b 95.7 L  0.0 e  3.2
 2      46          dfs    a  0.0  b 95.7 L  0.0 e  4.3
 2      68       stereo    a  2.9  b 95.6 L  0.0 e  1.5
 1      44         hfcd    a  0.0  b 95.5 L  0.0 e  4.5
 1      44  cwstackmode    a  4.5  b 95.5 L  0.0 e  0.0
 1     701          did    a  0.9  b 95.4 L  0.0 e  3.7
 2      64    pixelsize    a  1.6  b 95.3 L  0.0 e  3.1
 2     107        ifchr    a  0.9  b 95.3 L  0.0 e  3.7
 1     125         bmcr    a  0.0  b 95.2 L  0.0 e  4.8
 3      41         peek    a  0.0  b 95.1 L  0.0 e  4.9
 1     103          mbx    a  4.9  b 95.1 L  0.0 e  0.0
 2     202           vm    a  1.0  b 95.0 L  0.0 e  4.0
 2     202           mf    a  0.5  b 95.0 L  0.0 e  4.5
 2     160       upload    a  3.8  b 95.0 L  0.0 e  1.2
 1      40         fprs    a  5.0  b 95.0 L  0.0 e  0.0
 4      39       except    a  2.6  b 94.9 L  0.0 e  2.6
 2      98      feature    a  4.1  b 94.9 L  0.0 e  1.0
 1      78          atn    a  3.8  b 94.9 L  0.0 e  1.3
 1      39        sstat    a  5.1  b 94.9 L  0.0 e  0.0
 1      39          sip    a  0.0  b 94.9 L  0.0 e  5.1
 6     132         rdwr    a  2.3  b 94.7 L  0.0 e  3.0
 2      57          cen    a  1.8  b 94.7 L  0.0 e  3.5
 1      38        eflag    a  5.3  b 94.7 L  0.0 e  0.0
 1      93       atomic    a  0.0  b 94.6 L  0.0 e  5.4
 1      37          brg    a  5.4  b 94.6 L  0.0 e  0.0
 1      72      arights    a  0.0  b 94.4 L  0.0 e  5.6
 1     376          dtr    a  5.3  b 94.4 L  0.0 e  0.3
 1      36     sab82538    a  5.6  b 94.4 L  0.0 e  0.0
 3     421          rts    a  5.5  b 94.3 L  0.0 e  0.2
 1      35       intsrc    a  0.0  b 94.3 L  0.0 e  5.7
 2     155          mwm    a  1.3  b 94.2 L  0.0 e  4.5
 1      51           qe    a  0.0  b 94.1 L  0.0 e  5.9
 4      67    anonymous    a  1.5  b 94.0 L  4.5 e  0.0
 1      33      status0    a  3.0  b 93.9 L  0.0 e  3.0
 1      32       decode    a  6.2  b 93.8 L  0.0 e  0.0
 1      89        istat    a  5.6  b 93.3 L  0.0 e  1.1
 1      30          cce    a  6.7  b 93.3 L  0.0 e  0.0
 3      29     recorded    a  3.4  b 93.1 L  3.4 e  0.0
 2      28 initializing    a  0.0  b 92.9 L  7.1 e  0.0
 1      28      irqmask    a  0.0  b 92.9 L  0.0 e  7.1
 1      28       busmon    a  0.0  b 92.9 L  0.0 e  7.1
 1      41      afscall    a  0.0  b 92.7 L  0.0 e  7.3
 1      68          sdc    a  7.4  b 92.6 L  0.0 e  0.0
 1      27       xmdrop    a  0.0  b 92.6 L  0.0 e  7.4
 1     251           en    a  7.2  b 92.4 L  0.0 e  0.4
 6     104       wronly    a  1.9  b 92.3 L  0.0 e  5.8
 2      52      effects    a  5.8  b 92.3 L  0.0 e  1.9
 2      39    permanent    a  7.7  b 92.3 L  0.0 e  0.0
 2      26     negative    a  7.7  b 92.3 L  0.0 e  0.0
 1      26          bug    a  3.8  b 92.3 L  0.0 e  3.8
 5      51           ws    a  5.9  b 92.2 L  0.0 e  2.0
 2      77          own    a  3.9  b 92.2 L  0.0 e  3.9
 3      38          inv    a  7.9  b 92.1 L  0.0 e  0.0
 2      38      codeset    a  0.0  b 92.1 L  0.0 e  7.9
 1      76         bmsr    a  0.0  b 92.1 L  0.0 e  7.9
 2     150        pause    a  2.0  b 92.0 L  0.0 e  6.0
 2      84          opc    a  6.0  b 91.7 L  0.0 e  2.4
 2      36           mr    a  2.8  b 91.7 L  0.0 e  5.6
 1      58          u16    a  0.0  b 91.4 L  0.0 e  8.6
 1      35         abrt    a  0.0  b 91.4 L  0.0 e  8.6
 1     162       radeon    a  8.6  b 91.4 L  0.0 e  0.0
 2     102          ser    a  5.9  b 91.2 L  0.0 e  2.9
 3      56     activate    a  1.8  b 91.1 L  0.0 e  7.1
 1      78          asr    a  7.7  b 91.0 L  0.0 e  1.3
 6      98       rdonly    a  1.0  b 90.8 L  0.0 e  8.2
 2     346          msr    a  6.6  b 90.8 L  0.0 e  2.6
 1      65          msk    a  9.2  b 90.8 L  0.0 e  0.0
 3      32          pcs    a  0.0  b 90.6 L  0.0 e  9.4
 1      32          sir    a  3.1  b 90.6 L  0.0 e  6.2
 2      42         pull    a  7.1  b 90.5 L  0.0 e  2.4
 1      84         wake    a  7.1  b 90.5 L  0.0 e  2.4
 1      83          flg    a  8.4  b 90.4 L  0.0 e  1.2
 1      62          pfm    a  0.0  b 90.3 L  0.0 e  9.7
 7    1820        flags    a  4.0  b 90.2 L  0.3 e  5.5
 4      91       hidden    a  0.0  b 90.1 L  0.0 e  9.9
 2      40      powerpc    a 10.0  b 90.0 L  0.0 e  0.0
 4      89           df    a  5.6  b 89.9 L  0.0 e  4.5
 2     168          iff    a  8.9  b 89.9 L  0.0 e  1.2
 1      49         treq    a  4.1  b 89.8 L  0.0 e  6.1
 1      87          vac    a  9.2  b 89.7 L  0.0 e  1.1
 1      39          dip    a  0.0  b 89.7 L  0.0 e 10.3
 2     134           dm    a  6.0  b 89.6 L  0.0 e  4.5
 1      67         nego    a  1.5  b 89.6 L  0.0 e  9.0
 1      57          his    a 10.5  b 89.5 L  0.0 e  0.0
 1     103         enet    a 10.7  b 89.3 L  0.0 e  0.0
 1      37      removal    a  5.4  b 89.2 L  0.0 e  5.4
 1      55         slab    a  5.5  b 89.1 L  0.0 e  5.5
 2     164           fm    a  1.2  b 89.0 L  0.0 e  9.8
 7     117       binary    a  5.1  b 88.9 L  0.0 e  6.0
 2      81           ef    a  2.5  b 88.9 L  0.0 e  8.6
 2      36        stat1    a  0.0  b 88.9 L  2.8 e  8.3
 2      36          eom    a  2.8  b 88.9 L  0.0 e  8.3
 1      27        modrm    a 11.1  b 88.9 L  0.0 e  0.0
 1      27     maximize    a  3.7  b 88.9 L  0.0 e  7.4
 1     268         csr0    a  9.7  b 88.8 L  0.0 e  1.5
 1     206          icr    a 10.2  b 88.8 L  0.0 e  1.0
 5      35    exclusive    a  2.9  b 88.6 L  0.0 e  8.6
 2      35           ov    a  8.6  b 88.6 L  0.0 e  2.9
 1      26    clipflags    a  0.0  b 88.5 L  0.0 e 11.5
 1      43         tiny    a  0.0  b 88.4 L 11.6 e  0.0
 1     128        bt848    a  7.8  b 88.3 L  0.0 e  3.9
 1      34        entsr    a 11.8  b 88.2 L  0.0 e  0.0
 1     229      parport    a  7.4  b 88.2 L  0.4 e  3.9
 4     341           sr    a  5.6  b 88.0 L  0.0 e  6.5
 1     209         r128    a 12.0  b 88.0 L  0.0 e  0.0
 4      58       follow    a  6.9  b 87.9 L  0.0 e  5.2
 1      33      ramdisk    a 12.1  b 87.9 L  0.0 e  0.0
 7    3542         mask    a  8.1  b 87.5 L  0.2 e  4.2
 1      32      managew    a  0.0  b 87.5 L  0.0 e 12.5
 1     191           rh    a 12.6  b 87.4 L  0.0 e  0.0
 3     709        power    a  7.3  b 87.3 L  0.1 e  5.2
 1      78         surf    a  6.4  b 87.2 L  0.0 e  6.4
 1      31       replay    a  6.5  b 87.1 L  0.0 e  6.5
 2      92          rst    a  8.7  b 87.0 L  0.0 e  4.3
 1      53        temp8    a 13.2  b 86.8 L  0.0 e  0.0
 1     380    ffesymbol    a  0.5  b 86.8 L  0.0 e 12.6
 3      30          inp    a 13.3  b 86.7 L  0.0 e  0.0
 2      30          ev5    a  0.0  b 86.7 L  0.0 e 13.3
 4      29       prefer    a  6.9  b 86.2 L  0.0 e  6.9
 3      29          edi    a 13.8  b 86.2 L  0.0 e  0.0
 1      80          lpa    a  0.0  b 86.2 L  0.0 e 13.8
 3      36           hf    a  2.8  b 86.1 L  0.0 e 11.1
 1      72        fault    a  6.9  b 86.1 L  0.0 e  6.9
 3     107           cw    a  9.3  b 86.0 L  0.0 e  4.7
 1     344          ahc    a  8.1  b 86.0 L  0.6 e  5.2
 1     113          psr    a  5.3  b 85.8 L  0.0 e  8.8
 5      63       append    a  6.3  b 85.7 L  0.0 e  7.9
 2      91           re    a 13.2  b 85.7 L  0.0 e  1.1
 2     112        solid    a  0.9  b 85.7 L  0.0 e 13.4
 2     105           ri    a 13.3  b 85.7 L  0.0 e  1.0
 1      42          nud    a  0.0  b 85.7 L  0.0 e 14.3
 1      28      tmpword    a 14.3  b 85.7 L  0.0 e  0.0
 1      28          isi    a  3.6  b 85.7 L  0.0 e 10.7
 1      28         frs0    a 10.7  b 85.7 L  0.0 e  3.6
 1      28     doorbell    a 10.7  b 85.7 L  0.0 e  3.6
 4     572       enable    a  7.2  b 85.3 L  0.5 e  7.0
 3     272          crc    a  7.7  b 85.3 L  0.0 e  7.0
 3      27       subdir    a 11.1  b 85.2 L  0.0 e  3.7
 2      27        ifblk    a  3.7  b 85.2 L  0.0 e 11.1
 1      54           vb    a 14.8  b 85.2 L  0.0 e  0.0
 5      87         show    a  5.7  b 85.1 L  8.0 e  1.1
 1     101        sabre    a 14.9  b 85.1 L  0.0 e  0.0
 1     210         i365    a  8.6  b 84.8 L  0.0 e  6.7
 1      26          tbd    a 15.4  b 84.6 L  0.0 e  0.0
 1      26         enbl    a  0.0  b 84.6 L  7.7 e  7.7
 4     219       lookup    a  7.8  b 84.5 L  0.0 e  7.8
 1     116         dcmd    a 13.8  b 84.5 L  0.0 e  1.7
 4     423           sa    a 10.2  b 84.4 L  0.2 e  5.2
 2      32        byte1    a  3.1  b 84.4 L  0.0 e 12.5
 2      51   deactivate    a  7.8  b 84.3 L  0.0 e  7.8
 1     165        hp100    a  8.5  b 84.2 L  0.0 e  7.3
 1      63          rng    a 14.3  b 84.1 L  0.0 e  1.6
 1      50          xpg    a  0.0  b 84.0 L  0.0 e 16.0
 1      62       detect    a 14.5  b 83.9 L  0.0 e  1.6
 2     104           64    a  0.0  b 83.7 L  0.0 e 16.3
 1      49          sdp    a  0.0  b 83.7 L  0.0 e 16.3
 1      49     polarity    a  2.0  b 83.7 L  0.0 e 14.3
 7     856            o    a 11.8  b 83.2 L  0.4 e  4.7
 2     143          fpu    a  4.9  b 83.2 L  2.1 e  9.8
 1      59        atari    a 13.6  b 83.1 L  3.4 e  0.0
 5     358           fl    a  9.8  b 83.0 L  0.0 e  7.3
 2      47         opts    a 14.9  b 83.0 L  2.1 e  0.0
 1     117       hermes    a 16.2  b 82.9 L  0.0 e  0.9
 1      80          clr    a 13.8  b 82.5 L  2.5 e  1.2
 2      34       online    a  5.9  b 82.4 L  0.0 e 11.8
 1      74       tempcx    a 17.6  b 82.4 L  0.0 e  0.0
 1      68    supported    a 14.7  b 82.4 L  0.0 e  2.9
 4     197     readonly    a  0.5  b 82.2 L  4.1 e 13.2
 3     338         busy    a  6.8  b 82.2 L  0.3 e 10.7
 3      67        masks    a 17.9  b 82.1 L  0.0 e  0.0
 1      39         hpee    a 17.9  b 82.1 L  0.0 e  0.0
 1      39          avm    a 15.4  b 82.1 L  0.0 e  2.6
 7    1525         stat    a 10.4  b 82.0 L  0.1 e  7.5
 2     185          sts    a  6.5  b 81.6 L  0.0 e 11.9
 1      49         afsr    a 16.3  b 81.6 L  0.0 e  2.0
 1      38      lstatus    a  0.0  b 81.6 L  0.0 e 18.4
 1      27          800    a 18.5  b 81.5 L  0.0 e  0.0
 1     353         gpio    a 17.6  b 81.3 L  0.0 e  1.1
 1     150       psycho    a 18.7  b 81.3 L  0.0 e  0.0
 5     149         prot    a  2.0  b 81.2 L  0.7 e 16.1
 1     184          dsr    a 19.0  b 81.0 L  0.0 e  0.0
 1      47      config1    a 19.1  b 80.9 L  0.0 e  0.0
 1     333          led    a 10.2  b 80.8 L  0.0 e  9.0
 1      26     features    a 19.2  b 80.8 L  0.0 e  0.0
 2      31        rstat    a  0.0  b 80.6 L  0.0 e 19.4
 2     237          lsr    a 18.6  b 80.6 L  0.0 e  0.8
 3      41    insertion    a  9.8  b 80.5 L  0.0 e  9.8
 1     231          rtc    a 15.6  b 80.5 L  0.0 e  3.9
 2      76           u8    a  0.0  b 80.3 L  0.0 e 19.7
 1      40          kml    a  0.0  b 80.0 L  0.0 e 20.0
 1      30         cmdr    a 20.0  b 80.0 L  0.0 e  0.0
 1     175       tempbx    a 13.7  b 80.0 L  0.0 e  6.3
 1      69        sysio    a 20.3  b 79.7 L  0.0 e  0.0
 2      44     prefetch    a  9.1  b 79.5 L  0.0 e 11.4
 1      29      ali1535    a  6.9  b 79.3 L  0.0 e 13.8
 6     170          acc    a  4.7  b 78.8 L  0.6 e 15.9
 1      66         sun3    a 18.2  b 78.8 L  0.0 e  3.0
 2      47         csum    a  4.3  b 78.7 L  0.0 e 17.0
 4     187       parity    a  5.9  b 78.6 L  0.0 e 15.5
 1      28         eisr    a 21.4  b 78.6 L  0.0 e  0.0
 3      65      release    a 15.4  b 78.5 L  0.0 e  6.2
 2      46       syntax    a  0.0  b 78.3 L  6.5 e 15.2
 1      69         ohci    a  8.7  b 78.3 L  0.0 e 13.0
 1      46         isac    a 21.7  b 78.3 L  0.0 e  0.0
 2      87          fcr    a 21.8  b 78.2 L  0.0 e  0.0
 1     105          uni    a  1.9  b 78.1 L  0.0 e 20.0
 5     127           dl    a 15.0  b 78.0 L  1.6 e  5.5
 1      27         ebus    a  0.0  b 77.8 L  0.0 e 22.2
 1     856         uart    a 19.6  b 77.6 L  0.2 e  2.6
 3      53      trigger    a 11.3  b 77.4 L  0.0 e 11.3
 1      31         misr    a 22.6  b 77.4 L  0.0 e  0.0
 1      35          mib    a 22.9  b 77.1 L  0.0 e  0.0
 5      78       shared    a 11.5  b 76.9 L  1.3 e 10.3
 1      39          mif    a 23.1  b 76.9 L  0.0 e  0.0
 1      26      speaker    a  0.0  b 76.9 L  0.0 e 23.1
 1      26       portid    a  0.0  b 76.9 L  0.0 e 23.1
 7      86        share    a  8.1  b 76.7 L  4.7 e 10.5
 3     133        csize    a 17.3  b 76.7 L  0.0 e  6.0
 2      30         para    a 23.3  b 76.7 L  0.0 e  0.0
 1      90          vcc    a  0.0  b 76.7 L  0.0 e 23.3
 1      43      overrun    a 20.9  b 76.7 L  0.0 e  2.3
 2      51          stp    a 17.6  b 76.5 L  0.0 e  5.9
 1      34         sbcl    a  0.0  b 76.5 L  0.0 e 23.5
 1      34      ieee754    a  0.0  b 76.5 L  0.0 e 23.5
 1      38       weapon    a 10.5  b 76.3 L  0.0 e 13.2
 1      38        dbdma    a 15.8  b 76.3 L  0.0 e  7.9
 3      46           bk    a 17.4  b 76.1 L  0.0 e  6.5
 1      62           h8    a  4.8  b 75.8 L  0.0 e 19.4
 1     385          mii    a 11.2  b 75.8 L  0.3 e 12.7
 1     379          dbg    a  4.2  b 75.7 L 20.1 e  0.0
 1     107          sta    a  1.9  b 75.7 L  0.0 e 22.4
 5     385           le    a  2.3  b 75.6 L  0.0 e 22.1
 3      49        fatal    a 10.2  b 75.5 L  2.0 e 12.2
 4      28           ar    a  3.6  b 75.0 L  0.0 e 21.4
 2      32       bitcnt    a  6.2  b 75.0 L  0.0 e 18.8
 1      72         greg    a 25.0  b 75.0 L  0.0 e  0.0
 1      44      suspend    a  4.5  b 75.0 L  0.0 e 20.5
 1      32        m1064    a 25.0  b 75.0 L  0.0 e  0.0
 1      28         scam    a 25.0  b 75.0 L  0.0 e  0.0
 5      90       events    a 16.7  b 74.4 L  0.0 e  8.9
 2     270          mcr    a 22.2  b 74.4 L  0.0 e  3.3
 1      43          ppr    a  7.0  b 74.4 L  0.0 e 18.6
 1      43         amba    a 25.6  b 74.4 L  0.0 e  0.0
 3      35           t3    a  5.7  b 74.3 L  0.0 e 20.0
 1      74         oboe    a 25.7  b 74.3 L  0.0 e  0.0
 1      35          fcp    a 17.1  b 74.3 L  0.0 e  8.6
 1      35         cfg1    a 11.4  b 74.3 L  0.0 e 14.3
 1     101           gm    a 25.7  b 74.3 L  0.0 e  0.0
 1     213       schizo    a 25.8  b 74.2 L  0.0 e  0.0
 1      58       tempax    a 22.4  b 74.1 L  0.0 e  3.4
 1      54     upd98401    a 22.2  b 74.1 L  0.0 e  3.7
 1      27         pop3    a  0.0  b 74.1 L  7.4 e 18.5
 1     100         ista    a 26.0  b 74.0 L  0.0 e  0.0
 1     134          i2o    a 17.9  b 73.9 L  0.0 e  8.2
 3      99          ipc    a  2.0  b 73.7 L  0.0 e 24.2
 1      95      network    a 11.6  b 73.7 L  0.0 e 14.7
 5     161          act    a  8.1  b 73.3 L  0.0 e 18.6
 3      82           cf    a  4.9  b 73.2 L  0.0 e 22.0
 1     142          sar    a 24.6  b 73.2 L  0.0 e  2.1
 7      96      private    a 10.4  b 72.9 L  1.0 e 15.6
 4      59         term    a  1.7  b 72.9 L 13.6 e 11.9
 1     446          phy    a 19.5  b 72.9 L  0.0 e  7.6
 4     342        ready    a 11.7  b 72.8 L  0.0 e 15.5
 4      88      operand    a 12.5  b 72.7 L  0.0 e 14.8
 3      77      waiting    a 10.4  b 72.7 L  0.0 e 16.9
 1      33          irr    a 27.3  b 72.7 L  0.0 e  0.0
 1      33          enb    a 27.3  b 72.7 L  0.0 e  0.0
 4     204           c0    a 25.0  b 72.5 L  0.5 e  2.0
 2     109         risc    a 25.7  b 72.5 L  0.0 e  1.8
 1      51      zr36057    a 27.5  b 72.5 L  0.0 e  0.0
 1      40          bcr    a 27.5  b 72.5 L  0.0 e  0.0
 3      87        async    a  6.9  b 72.4 L  0.0 e 20.7
 1     127      aic7xxx    a 17.3  b 72.4 L  0.0 e 10.2
 2      65          pal    a  6.2  b 72.3 L  0.0 e 21.5
 3     241          cap    a 12.4  b 72.2 L  0.0 e 15.4
 2      36            7    a 11.1  b 72.2 L  0.0 e 16.7
 1      61         mace    a 24.6  b 72.1 L  0.0 e  3.3
 1     104          hil    a 27.9  b 72.1 L  0.0 e  0.0
 5     714      request    a  8.0  b 72.0 L  0.7 e 19.3
 1     193          pcm    a 20.7  b 72.0 L  2.1 e  5.2
 2      32  instruction    a 25.0  b 71.9 L  0.0 e  3.1
 3      56           co    a 28.6  b 71.4 L  0.0 e  0.0
 3      28     optional    a  0.0  b 71.4 L  0.0 e 28.6
 2      35         axis    a 28.6  b 71.4 L  0.0 e  0.0
 1      35           mi    a 25.7  b 71.4 L  0.0 e  2.9
 1      28          ccw    a 14.3  b 71.4 L  0.0 e 14.3
 4     198           sw    a 22.2  b 71.2 L  0.0 e  6.6
 1     191          ahd    a 21.5  b 71.2 L  0.0 e  7.3
 1      31         rlmt    a 12.9  b 71.0 L  0.0 e 16.1
 2      48          100    a 12.5  b 70.8 L  0.0 e 16.7
 5     109      enabled    a 17.4  b 70.6 L  2.8 e  9.2
 3      34           lk    a  0.0  b 70.6 L 23.5 e  5.9
 1      51          biu    a 29.4  b 70.6 L  0.0 e  0.0
 6     261        abort    a  7.3  b 70.5 L  0.8 e 21.5
 2      81        latch    a 27.2  b 70.4 L  0.0 e  2.5
 2     111         priv    a  0.9  b 70.3 L  0.0 e 28.8
 1     541          usb    a 12.9  b 70.2 L  0.2 e 16.6
 1      47          syn    a 12.8  b 70.2 L  0.0 e 17.0
 4     164           bd    a 26.2  b 70.1 L  0.0 e  3.7
 6     180          has    a 11.7  b 70.0 L  6.7 e 11.7
 4     285        where    a 19.3  b 69.8 L  0.0 e 10.9
 2      53           ia    a 20.8  b 69.8 L  0.0 e  9.4
 1      33         mgmt    a 12.1  b 69.7 L  0.0 e 18.2
 5     376      verbose    a 20.7  b 69.4 L  2.4 e  7.4
 5     144         exec    a 25.0  b 69.4 L  0.0 e  5.6
 6     387        valid    a  8.0  b 69.3 L  1.0 e 21.7
 1      29         sdtr    a 24.1  b 69.0 L  0.0 e  6.9
 4      32     messages    a 28.1  b 68.8 L  0.0 e  3.1
 3      32          ten    a 31.2  b 68.8 L  0.0 e  0.0
 3      32           et    a 18.8  b 68.8 L  0.0 e 12.5
 5     182      present    a  5.5  b 68.7 L  3.3 e 22.5
 4      92        trunc    a 27.2  b 68.5 L  0.0 e  4.3
 4     200        green    a 30.5  b 68.5 L  0.0 e  1.0
 3      41           tf    a  7.3  b 68.3 L  0.0 e 24.4
 2      60          dis    a 20.0  b 68.3 L  0.0 e 11.7
 1     104         midi    a 18.3  b 68.3 L  0.0 e 13.5
 4     107           pe    a 29.9  b 68.2 L  0.0 e  1.9
 2     157           ie    a  3.2  b 68.2 L  0.0 e 28.7
 3      94         qual    a  6.4  b 68.1 L  0.0 e 25.5
 3      87           wm    a 17.2  b 67.8 L  0.0 e 14.9
 4      62           xx    a 27.4  b 67.7 L  0.0 e  4.8
 2      37     positive    a  0.0  b 67.6 L  0.0 e 32.4
 2      37        fpscr    a 27.0  b 67.6 L  0.0 e  5.4
 2      34          mmr    a  0.0  b 67.6 L  0.0 e 32.4
 3      40           am    a  7.5  b 67.5 L  0.0 e 25.0
 2      40         diag    a 12.5  b 67.5 L  0.0 e 20.0
 5     208           sm    a 16.8  b 67.3 L  0.0 e 15.9
 4      58           fr    a 27.6  b 67.2 L  0.0 e  5.2
 1      58        devfs    a  6.9  b 67.2 L  0.0 e 25.9
 3     212        trans    a 22.2  b 67.0 L  0.5 e 10.4
 6      45        allow    a 15.6  b 66.7 L  2.2 e 15.6
 4      48       writes    a 18.8  b 66.7 L 14.6 e  0.0
 3      36         attn    a  0.0  b 66.7 L  0.0 e 33.3
 2      45    exception    a 22.2  b 66.7 L  4.4 e  6.7
 2      42     endpoint    a  0.0  b 66.7 L  0.0 e 33.3
 2     201          clk    a 31.8  b 66.7 L  0.0 e  1.5
 1      72 serialsignal    a 33.3  b 66.7 L  0.0 e  0.0
 3     158           ir    a 17.7  b 66.5 L  0.0 e 15.8
 4     271          ack    a  6.6  b 66.4 L  0.4 e 26.6
 2      86      disable    a 12.8  b 66.3 L  2.3 e 18.6
 1     145         tcic    a 33.8  b 66.2 L  0.0 e  0.0
 1      62     txstatus    a 27.4  b 66.1 L  3.2 e  3.2
 4     150           xm    a 18.7  b 66.0 L  0.0 e 15.3
 3      79         soft    a 13.9  b 65.8 L  1.3 e 19.0
 1     542         intr    a 18.6  b 65.7 L  0.2 e 15.5
 1      35       ultra2    a 22.9  b 65.7 L  0.0 e 11.4
 4     195          red    a 29.7  b 65.6 L  0.0 e  4.6
 4     125       create    a 17.6  b 65.6 L  0.8 e 16.0
 2      32        focus    a  0.0  b 65.6 L  0.0 e 34.4
 1      61        arlan    a 32.8  b 65.6 L  0.0 e  1.6
 3      29          acl    a 13.8  b 65.5 L  0.0 e 20.7
 1     119          qic    a  0.8  b 65.5 L  0.8 e 32.8
 5     156        dirty    a 25.0  b 65.4 L  1.3 e  8.3
 5     153         full    a 12.4  b 65.4 L  1.3 e 20.9
 3      26           wp    a  7.7  b 65.4 L  3.8 e 23.1
 3     136           td    a 27.2  b 65.4 L  0.0 e  7.4
 2      26          usr    a 15.4  b 65.4 L  0.0 e 19.2
 2      26        data2    a  7.7  b 65.4 L  3.8 e 23.1
 1      26       keyval    a 11.5  b 65.4 L  0.0 e 23.1
 2     320         afmt    a  0.0  b 65.3 L  0.0 e 34.7
 3      69        shell    a  2.9  b 65.2 L  1.4 e 30.4
 3      69       policy    a  1.4  b 65.2 L  0.0 e 33.3
 2     115           rs    a 33.0  b 65.2 L  0.0 e  1.7
 1      46         recv    a 26.1  b 65.2 L  0.0 e  8.7
 4     195        clear    a 20.0  b 65.1 L  0.0 e 14.9
 1      37          tmr    a 32.4  b 64.9 L  0.0 e  2.7
 6     105          may    a 25.7  b 64.8 L  0.0 e  9.5
 4     145           si    a 24.8  b 64.8 L  0.0 e 10.3
 3      54           bf    a 25.9  b 64.8 L  0.0 e  9.3
 3      68         want    a 25.0  b 64.7 L  4.4 e  5.9
 4     182       master    a 15.9  b 64.3 L  0.5 e 19.2
 1      28          mfm    a 25.0  b 64.3 L  3.6 e  7.1
 1      28        iopte    a 14.3  b 64.3 L  0.0 e 21.4
 2      95           im    a 20.0  b 64.2 L  0.0 e 15.8
 1      67          isp    a 26.9  b 64.2 L  0.0 e  9.0
 1     120         misc    a 30.8  b 64.2 L  0.0 e  5.0
 5     376           cc    a 14.6  b 64.1 L  0.8 e 20.5
 2      39          cds    a  0.0  b 64.1 L  0.0 e 35.9
 2     108          s16    a  0.0  b 63.9 L  0.0 e 36.1
 1     169        e1000    a 17.2  b 63.9 L  0.0 e 18.9
 6      47           bx    a 29.8  b 63.8 L  0.0 e  6.4
 1      47         prim    a 23.4  b 63.8 L  0.0 e 12.8
 5     551      control    a 29.6  b 63.7 L  0.0 e  6.7
 5     171           ss    a 21.1  b 63.7 L  0.0 e 15.2
 5      33         lost    a 30.3  b 63.6 L  0.0 e  6.1
 2      44         mono    a  4.5  b 63.6 L  0.0 e 31.8
 4      52         conv    a 15.4  b 63.5 L  0.0 e 21.2
 1      63          adc    a 34.9  b 63.5 L  0.0 e  1.6
 6     185        fixed    a 30.8  b 63.2 L  1.1 e  4.9
 5      73          alt    a 30.1  b 63.0 L  0.0 e  6.8
 2     246           hw    a 21.5  b 63.0 L  0.0 e 15.4
 1      27         i596    a 11.1  b 63.0 L  0.0 e 25.9
 4      35        front    a 22.9  b 62.9 L  0.0 e 14.3
 5     936        reset    a 24.9  b 62.8 L  1.3 e 11.0
 4      86           br    a 22.1  b 62.8 L  0.0 e 15.1
 2      59          mic    a  5.1  b 62.7 L  0.0 e 32.2
 3     104      connect    a  4.8  b 62.5 L  1.9 e 30.8
 2      72         goal    a 29.2  b 62.5 L  0.0 e  8.3
 1      32          ccr    a 31.2  b 62.5 L  0.0 e  6.2
 3     415         sync    a 30.1  b 62.4 L  0.0 e  7.5
 2     109          sis    a  4.6  b 62.4 L  0.0 e 33.0
 4     203         auto    a 16.7  b 62.1 L  8.9 e 12.3
 1     132          ess    a 34.8  b 62.1 L  0.0 e  3.0
 6     321         attr    a 15.3  b 61.7 L  0.0 e 23.1
 5     109         fast    a 19.3  b 61.5 L  5.5 e 13.8
 1      26          pag    a  0.0  b 61.5 L  0.0 e 38.5
 1      26         hpc3    a 38.5  b 61.5 L  0.0 e  0.0
 1      26      dataout    a 15.4  b 61.5 L 11.5 e 11.5
 1      26        32bit    a 38.5  b 61.5 L  0.0 e  0.0
 4     171           fb    a 29.8  b 61.4 L  1.8 e  7.0
 3     147           iw    a 36.1  b 61.2 L  0.0 e  2.7
 3     121          via    a 23.1  b 61.2 L  2.5 e 13.2
 4     108          nop    a 12.0  b 61.1 L  0.0 e 26.9
 3      36           ta    a  0.0  b 61.1 L  0.0 e 38.9
 1      36          r4k    a 33.3  b 61.1 L  0.0 e  5.6
 6     261       option    a 23.8  b 60.9 L  0.0 e 15.3
 2     128         cntl    a 39.1  b 60.9 L  0.0 e  0.0
 4      56      buttons    a 30.4  b 60.7 L  0.0 e  8.9
 1      56     document    a  7.1  b 60.7 L  0.0 e 32.1
 1      28           s8    a  0.0  b 60.7 L  0.0 e 39.3
 1      28        burst    a 28.6  b 60.7 L  0.0 e 10.7
 3     197           ph    a 38.6  b 60.4 L  0.0 e  1.0
 2     199       kernel    a 34.2  b 60.3 L  0.0 e  5.5
 5     108            4    a 28.7  b 60.2 L  0.0 e 11.1
 4      88        alias    a 15.9  b 60.2 L  1.1 e 22.7
 4      50           ys    a  4.0  b 60.0 L  0.0 e 36.0
 3      30          gid    a  0.0  b 60.0 L  0.0 e 40.0
 1      60         ia64    a 38.3  b 60.0 L  0.0 e  1.7
 2     119         ipv6    a  8.4  b 59.7 L  0.0 e 31.9
 7    1019         flag    a  7.9  b 59.6 L  9.7 e 22.9
 3      99    multicast    a 11.1  b 59.6 L  0.0 e 29.3
 1      52       ircomm    a 36.5  b 59.6 L  0.0 e  3.8
 2      32         hreg    a 28.1  b 59.4 L  0.0 e 12.5
 5     140           rd    a 18.6  b 59.3 L  1.4 e 20.7
 4      27           n0    a 33.3  b 59.3 L  0.0 e  7.4
 2      59           hd    a 20.3  b 59.3 L  0.0 e 20.3
 1      27           g0    a 40.7  b 59.3 L  0.0 e  0.0
 6      76          run    a 22.4  b 59.2 L  2.6 e 15.8
 3      49         quot    a 34.7  b 59.2 L  0.0 e  6.1
 1      44          ecc    a 31.8  b 59.1 L  0.0 e  9.1
 4     244    interrupt    a 33.6  b 59.0 L  0.0 e  7.4
 1      39       strobe    a 41.0  b 59.0 L  0.0 e  0.0
 3     265        phase    a  4.9  b 58.9 L  0.0 e 36.2
 1      80          mmu    a 32.5  b 58.8 L  5.0 e  3.8
 1      34         i830    a 23.5  b 58.8 L  0.0 e 17.6
 2      70            6    a 17.1  b 58.6 L  0.0 e 24.3
 1      29          cia    a 37.9  b 58.6 L  0.0 e  3.4
 5      82         clip    a 30.5  b 58.5 L  3.7 e  7.3
 4      36       commit    a  5.6  b 58.3 L  5.6 e 30.6
 7      74      changed    a  9.5  b 58.1 L 14.9 e 17.6
 3      31      generic    a 41.9  b 58.1 L  0.0 e  0.0
 4     138           ev    a 11.6  b 58.0 L  0.0 e 30.4
 3     281        mouse    a 31.7  b 58.0 L  0.7 e  9.6
 1      38        zoran    a 36.8  b 57.9 L  0.0 e  5.3
 1      26        sides    a  0.0  b 57.7 L  0.0 e 42.3
 1      26        hfcsx    a 42.3  b 57.7 L  0.0 e  0.0
 1      26          brk    a 34.6  b 57.7 L  0.0 e  7.7
 1     104        iommu    a 41.3  b 57.7 L  0.0 e  1.0
 1     104         hdlc    a 20.2  b 57.7 L  0.0 e 22.1
 3      99           sv    a 29.3  b 57.6 L  1.0 e 12.1
 2      33          fec    a 30.3  b 57.6 L  0.0 e 12.1
 1      66          pll    a 30.3  b 57.6 L  0.0 e 12.1
 2      40     loopback    a 27.5  b 57.5 L  0.0 e 15.0
 2     392         fifo    a 38.5  b 57.4 L  0.3 e  3.8
 1      35          jfs    a 17.1  b 57.1 L  0.0 e 25.7
 1      28         cntr    a 42.9  b 57.1 L  0.0 e  0.0
 2      30         norm    a 16.7  b 56.7 L  0.0 e 26.7
 1      30          llc    a 40.0  b 56.7 L  0.0 e  3.3
 1      30    attention    a  0.0  b 56.7 L  0.0 e 43.3
 2     122           mc    a 36.9  b 56.6 L  0.0 e  6.6
 3      62           dt    a 24.2  b 56.5 L  0.0 e 19.4
 3      46           lv    a 23.9  b 56.5 L  0.0 e 19.6
 1      46       tstate    a  0.0  b 56.5 L  0.0 e 43.5
 2      55    condition    a  1.8  b 56.4 L  0.0 e 41.8
 1      55          st1    a  3.6  b 56.4 L  0.0 e 40.0
 5     158           ps    a 14.6  b 56.3 L  3.8 e 25.3
 3      48    secondary    a 12.5  b 56.2 L  6.2 e 25.0
 2      32     shutdown    a  3.1  b 56.2 L  0.0 e 40.6
 1      32         freg    a 43.8  b 56.2 L  0.0 e  0.0
 4     155         blue    a 42.6  b 56.1 L  0.0 e  1.3
 4     123           ic    a 28.5  b 56.1 L  0.0 e 15.4
 3      50       random    a 24.0  b 56.0 L  0.0 e 20.0
 3     109           wr    a 18.3  b 56.0 L  0.9 e 24.8
 1      50     rxstatus    a 36.0  b 56.0 L  0.0 e  8.0
 1     100         sisr    a 43.0  b 56.0 L  0.0 e  1.0
 2      43          iir    a 41.9  b 55.8 L  0.0 e  2.3
 1      43          joy    a 37.2  b 55.8 L  0.0 e  7.0
 1     267       vendor    a  6.4  b 55.8 L  0.0 e 37.8
 2      45          fcs    a 31.1  b 55.6 L  0.0 e 13.3
 1      36          rfd    a 33.3  b 55.6 L  0.0 e 11.1
 1      27          ldn    a 40.7  b 55.6 L  0.0 e  3.7
 1     137          mpi    a  5.8  b 55.5 L  0.0 e 38.7
 5      65         dont    a  4.6  b 55.4 L  0.0 e 40.0
 2      29          frm    a 17.2  b 55.2 L  0.0 e 27.6
 1      29          cpm    a 44.8  b 55.2 L  0.0 e  0.0
 1      60          txd    a 45.0  b 55.0 L  0.0 e  0.0
 4     683           cm    a 21.7  b 54.9 L  1.2 e 22.3
 7     310         open    a 26.5  b 54.8 L  1.0 e 17.7
 1      31        socal    a 45.2  b 54.8 L  0.0 e  0.0
 1      33        nport    a 45.5  b 54.5 L  0.0 e  0.0
 6      57           th    a 33.3  b 54.4 L  0.0 e 12.3
 5     195          dsp    a 31.3  b 54.4 L  0.0 e 14.4
 6     457            u    a 36.1  b 54.3 L  2.0 e  7.7
 1      96      openpic    a 37.5  b 54.2 L  0.0 e  8.3
 5     124           ex    a 25.0  b 54.0 L  0.0 e 21.0
 2     211         poll    a 29.4  b 54.0 L  0.0 e 16.6
 1     191          csr    a 42.4  b 53.9 L  0.0 e  3.7
 1     102         tlan    a 43.1  b 53.9 L  0.0 e  2.9
 3      52       signed    a  5.8  b 53.8 L  3.8 e 36.5
 5     149     complete    a  4.0  b 53.7 L  3.4 e 38.9
 1      41    intstatus    a 43.9  b 53.7 L  0.0 e  2.4
 5     263          fmt    a  8.0  b 53.6 L  0.0 e 38.4
 4      56          lsb    a 42.9  b 53.6 L  1.8 e  1.8
 2      56        instr    a 28.6  b 53.6 L  0.0 e 17.9
 7    5162       status    a 22.5  b 53.4 L  0.2 e 24.0
 5     122           pp    a 27.9  b 53.3 L  2.5 e 16.4
 4      90         frac    a 46.7  b 53.3 L  0.0 e  0.0
 2      90           16    a 24.4  b 53.3 L  0.0 e 22.2
 1      30           qs    a 43.3  b 53.3 L  0.0 e  3.3
 1      30         lpar    a  0.0  b 53.3 L  0.0 e 46.7
 1      30          inq    a 26.7  b 53.3 L  0.0 e 20.0
 1     182         apic    a 14.3  b 53.3 L  0.0 e 32.4
 7    2895            s    a 30.9  b 53.2 L  0.2 e 15.6
 1      96         cfmt    a 46.9  b 53.1 L  0.0 e  0.0
 1      32          tsc    a 31.2  b 53.1 L 15.6 e  0.0
 1      32          awc    a 43.8  b 53.1 L  0.0 e  3.1
 2    1466          dma    a 32.4  b 53.0 L  0.1 e 14.5
 3      51           gs    a  5.9  b 52.9 L  0.0 e 41.2
 5     108       always    a 44.4  b 52.8 L  1.9 e  0.9
 5      99           an    a 38.4  b 52.5 L  0.0 e  9.1
 1     145          sgl    a 44.8  b 52.4 L  0.0 e  2.8
 2      92          dac    a 44.6  b 52.2 L  0.0 e  3.3
 4      54          dup    a 25.9  b 51.9 L  0.0 e 22.2
 2      27          xid    a 29.6  b 51.9 L  0.0 e 18.5
 1      27          soc    a 44.4  b 51.9 L  0.0 e  3.7
 4     122     overflow    a 17.2  b 51.6 L  0.8 e 30.3
 1      31         cdsn    a 48.4  b 51.6 L  0.0 e  0.0
 3      33     override    a 36.4  b 51.5 L  0.0 e 12.1
 2      33          rsp    a 18.2  b 51.5 L  3.0 e 27.3
 2      37         ctor    a 13.5  b 51.4 L  5.4 e 29.7
 1      35          xmt    a 48.6  b 51.4 L  0.0 e  0.0
 3      39    broadcast    a 12.8  b 51.3 L  0.0 e 35.9
 1     119          lan    a 44.5  b 51.3 L  0.0 e  4.2
 6     172           r1    a 36.6  b 51.2 L  0.0 e 12.2
 6     127           at    a 41.7  b 51.2 L  3.1 e  3.9
 3     127        probe    a 28.3  b 51.2 L  5.5 e 15.0
 1      47           hs    a 40.4  b 51.1 L  0.0 e  8.5
 6     243       active    a 20.6  b 51.0 L  0.8 e 27.6
 7     311           it    a 40.2  b 50.8 L  0.3 e  8.7
 1     238        pciio    a 12.6  b 50.8 L  0.0 e 36.6
 1     201        pcibr    a 39.3  b 50.7 L  0.0 e 10.0
 2      91          lcr    a 49.5  b 50.5 L  0.0 e  0.0
 5     335       memory    a 33.4  b 50.4 L  0.3 e 15.8
 4     262          esp    a 24.4  b 50.4 L  0.0 e 25.2
 1     167          st0    a  0.6  b 50.3 L  0.0 e 49.1
 1     403          i2c    a 17.9  b 50.1 L  0.0 e 32.0
 5      54     relative    a 42.6  b 50.0 L  1.9 e  5.6
 4      44          neg    a 18.2  b 50.0 L  0.0 e 31.8
 4      26           w1    a 46.2  b 50.0 L  0.0 e  3.8
 3      38       loaded    a 44.7  b 50.0 L  0.0 e  5.3
 3      28          rgb    a  7.1  b 50.0 L  0.0 e 42.9
 3      28       assign    a 14.3  b 50.0 L  3.6 e 32.1
 2      36           oc    a 50.0  b 50.0 L  0.0 e  0.0
 2      28     switches    a 46.4  b 50.0 L  0.0 e  3.6
 2      26   background    a  7.7  b 50.0 L  0.0 e 42.3
 1      36      hishift    a 50.0  b 50.0 L  0.0 e  0.0
 1      28          rxf    a 46.4  b 50.0 L  0.0 e  3.6
 1      28      descram    a 50.0  b 50.0 L  0.0 e  0.0
 1      26       hfcpci    a 50.0  b 50.0 L  0.0 e  0.0
 4     345        color    a 22.9  b 49.9 L  0.6 e 26.7
 3     349          ctl    a 34.1  b 49.6 L  0.3 e 16.0
 4      91       border    a 48.4  b 49.5 L  2.2 e  0.0
 7     879      command    a 24.7  b 49.4 L  1.1 e 24.8
 4      83       reason    a 13.3  b 49.4 L  2.4 e 34.9
 3      81         reg1    a 12.3  b 49.4 L  0.0 e 38.3
 2      67      scratch    a 19.4  b 49.3 L  9.0 e 22.4
 5      59         inst    a 20.3  b 49.2 L  0.0 e 30.5
 3      65           dr    a 50.8  b 49.2 L  0.0 e  0.0
 2      65         reg0    a 24.6  b 49.2 L  0.0 e 26.2
 1      61        qic02    a 14.8  b 49.2 L  0.0 e 36.1
 1      57     physaddr    a 45.6  b 49.1 L  5.3 e  0.0
 2     255           fe    a 21.2  b 49.0 L  0.8 e 29.0
 2      45        ahead    a 51.1  b 48.9 L  0.0 e  0.0
 1    1901          pci    a 27.1  b 48.9 L  0.4 e 23.7
 3      43         val1    a 11.6  b 48.8 L  0.0 e 39.5
 3      41           nv    a 51.2  b 48.8 L  0.0 e  0.0
 6      70         dead    a 15.7  b 48.6 L  5.7 e 30.0
 3      37       common    a 21.6  b 48.6 L  5.4 e 24.3
 1      37          ovw    a 51.4  b 48.6 L  0.0 e  0.0
 1      31         ntsc    a 16.1  b 48.4 L  0.0 e 35.5
 6    1066          bit    a 42.1  b 48.3 L  0.7 e  8.9
 4      58      restart    a 20.7  b 48.3 L  0.0 e 31.0
 3      29        light    a 48.3  b 48.3 L  3.4 e  0.0
 1      29       rwctrl    a 51.7  b 48.3 L  0.0 e  0.0
 1      29         ansi    a 24.1  b 48.3 L  0.0 e 27.6
 6     106       update    a 38.7  b 48.1 L  2.8 e 10.4
 3     302           cd    a 34.8  b 48.0 L  4.6 e 12.6
 1     102     repshift    a 52.0  b 48.0 L  0.0 e  0.0
 6     184           tp    a 22.8  b 47.8 L  0.0 e 29.3
 4      63         fail    a 17.5  b 47.6 L  0.0 e 34.9
 2      42           dz    a 42.9  b 47.6 L  0.0 e  9.5
 1      42      adapter    a 28.6  b 47.6 L  0.0 e 23.8
 1      40        cntrl    a 47.5  b 47.5 L  0.0 e  5.0
 1     118          mga    a 50.0  b 47.5 L  0.0 e  2.5
 3      38         pref    a  2.6  b 47.4 L  0.0 e 50.0
 2      38         walk    a 23.7  b 47.4 L  0.0 e 28.9
 2     114          ier    a 52.6  b 47.4 L  0.0 e  0.0
 5     165          sel    a 32.1  b 47.3 L  0.0 e 20.6
 3      91        media    a 45.1  b 47.3 L  1.1 e  6.6
 1      55       pcmcia    a 50.9  b 47.3 L  0.0 e  1.8
 3      36         perm    a 44.4  b 47.2 L  0.0 e  8.3
 3     108       driver    a 25.9  b 47.2 L  0.0 e 26.9
 1      53          ali    a 50.9  b 47.2 L  0.0 e  1.9
 4      34        carry    a 23.5  b 47.1 L  0.0 e 29.4
 3      85        pitch    a 48.2  b 47.1 L  0.0 e  4.7
 5     128    interface    a 28.9  b 46.9 L  3.1 e 21.1
 3      32           ls    a 46.9  b 46.9 L  3.1 e  3.1
 1      64         vlan    a 32.8  b 46.9 L  0.0 e 20.3
 3      45           sf    a 48.9  b 46.7 L  0.0 e  4.4
 1      92          xfe    a  3.3  b 46.7 L  0.0 e 50.0
 1     107         budb    a  1.9  b 46.7 L  0.0 e 51.4
 5      28      support    a 39.3  b 46.4 L  0.0 e 14.3
 3      97          scc    a 33.0  b 46.4 L  2.1 e 18.6
 2      84          ufs    a 28.6  b 46.4 L  0.0 e 25.0
 2      84           ec    a 10.7  b 46.4 L  0.0 e 42.9
 2      28   framecount    a 50.0  b 46.4 L  0.0 e  3.6
 1      28         regr    a 46.4  b 46.4 L  0.0 e  7.1
 1      28          adb    a 10.7  b 46.4 L  0.0 e 42.9
 4      65            8    a 35.4  b 46.2 L  0.0 e 18.5
 7     675          msg    a 33.6  b 46.1 L  0.7 e 19.6
 4      37          ind    a 21.6  b 45.9 L  0.0 e 32.4
 1      37          pvr    a 43.2  b 45.9 L  0.0 e 10.8
 4      70         prop    a 22.9  b 45.7 L  4.3 e 27.1
 4      33         draw    a  6.1  b 45.5 L  0.0 e 48.5
 3      55        water    a 45.5  b 45.5 L  0.0 e  9.1
 3      33           cx    a 27.3  b 45.5 L  0.0 e 27.3
 2      33           pv    a 15.2  b 45.5 L  0.0 e 39.4
 4      53           d0    a 39.6  b 45.3 L  0.0 e 15.1
 4      93           gc    a 35.5  b 45.2 L  1.1 e 18.3
 3      31       public    a 25.8  b 45.2 L  0.0 e 29.0
 3      31           nm    a 38.7  b 45.2 L  0.0 e 16.1
 1      31   subcontext    a  0.0  b 45.2 L  0.0 e 54.8
 1     135          rcv    a 49.6  b 45.2 L  0.0 e  5.2
 1     184         ac97    a 52.7  b 45.1 L  0.0 e  2.2
 5     331           sc    a 32.0  b 45.0 L  0.9 e 22.1
 3     302           mt    a 11.6  b 45.0 L  0.0 e 43.4
 3      69       errors    a 37.7  b 44.9 L  0.0 e 17.4
 2     227        audio    a 26.0  b 44.9 L  0.0 e 29.1
 1      78        sonic    a 55.1  b 44.9 L  0.0 e  0.0
 1     693         scsi    a 28.1  b 44.9 L  0.1 e 26.8
 2    1484           tx    a 51.1  b 44.8 L  0.3 e  3.8
 1      29         dram    a 55.2  b 44.8 L  0.0 e  0.0
 4     527         init    a 22.8  b 44.6 L  1.3 e 31.3
 4     304       opcode    a 15.8  b 44.4 L  0.0 e 39.8
 1      27         sbus    a 22.2  b 44.4 L  3.7 e 29.6
 4      70           10    a 34.3  b 44.3 L  0.0 e 21.4
 6     104        owner    a 16.3  b 44.2 L  1.0 e 38.5
 5     104           pf    a 31.7  b 44.2 L  0.0 e 24.0
 7     338           on    a 33.7  b 44.1 L  1.5 e 20.7
